{"1": [[27.26593906043478, 24.13734095900362, 23.7830967553442, 21.885029251865944, 10.008902327210144, 11.655863509021737, 12.844541397336954, 11.436878203858695, 11.110545653043477, 12.61427020195652, 9.98856568922101, 14.077974554800722, 9.650547558586958, 10.177483984202901, -5.661380976032609, -22.445077578260868, -36.1139413090942, -27.545173786449276, -7.19642235307971, 10.569228245507247, 7.100793818586957, 8.521949785996375], [24.13734095900362, 26.97688325076087, 24.194906556721005, 20.182053058677536, 10.536859857246377, 12.786390382137679, 13.664015579094203, 12.793148464746377, 13.191455560797102, 14.115134255525364, 10.562425521449274, 15.607748255923912, 11.350874075471015, 9.900339871105075, -5.111420248134057, -17.593434654112322, -25.72240299123188, -22.36494651873188, -8.259996617572462, 9.629307977499996, 8.277599959076088, 10.620977214637676], [23.7830967553442, 24.194906556721005, 26.306683381884056, 21.303289026141304, 10.48142326625, 11.739717855543477, 13.925404946304344, 12.674154347826084, 13.64832979625, 12.83275867981884, 9.07206834677536, 16.849186410108693, 11.455243343586954, 11.583902149528985, -1.6682315028804326, -16.42484392637681, -25.547006884909415, -20.871173622210144, -4.511606267971013, 10.967497348333328, 9.861401899492753, 10.146253081503623], [21.885029251865944, 20.182053058677536, 21.303289026141304, 21.83558216728261, 9.030759836431157, 10.603883000380433, 12.019301094565218, 10.203726028097824, 12.26005160601449, 13.004064999311597, 9.637839697445651, 11.497110876249996, 8.877900501014492, 8.389717998278988, -5.62186032682971, -21.536164119891307, -33.30795536652174, -25.538058238333335, -6.619535691231883, 10.811317976648548, 8.39274480146739, 9.722717742626811], [10.008902327210144, 10.536859857246377, 10.48142326625, 9.030759836431157, 8.683486133985507, 5.758293907916666, 5.694895913460144, 5.826823122391303, 7.074965600452899, 8.825487120833333, 6.072283273478259, 7.3406767456702875, 9.58624771826087, 6.893383166847827, -1.294998772735507, -6.235164575652174, -11.079366114963769, -10.073240385253623, 0.5190664941123196, 8.821406204528984, 7.43154749990942, 8.135679374347824], [11.655863509021737, 12.786390382137679, 11.739717855543477, 10.603883000380433, 5.758293907916666, 7.244542165144927, 7.769180790525363, 6.361923093206521, 7.224159937336956, 7.9429775495833335, 6.025777650996376, 7.86311701713768, 7.141624415978261, 5.286139198423914, -3.3527115309601445, -11.024185127155796, -15.333721928134057, -13.781216777789856, -3.789911548840579, 6.975820534782607, 6.350926775815218, 6.88566994213768], [12.844541397336954, 13.664015579094203, 13.925404946304344, 12.019301094565218, 5.694895913460144, 7.769180790525363, 11.703930833514491, 7.263802387047099, 8.868501593550725, 8.306051865869565, 7.090173079710144, 11.40814858436594, 6.995054262119567, 7.75342013304348, -2.20262330673913, -11.33902323188406, -14.857829925724635, -12.92856693365942, -3.3700609301811584, 8.373862720380433, 8.68355164634058, 8.538384929474635], [11.436878203858695, 12.793148464746377, 12.674154347826084, 10.203726028097824, 5.826823122391303, 6.361923093206521, 7.263802387047099, 7.51067211865942, 7.331328568623189, 7.381199357844203, 6.036728404003622, 8.462923533460142, 6.496179675235507, 5.69327117759058, -2.8729335357789854, -9.458112008786232, -13.610740771449272, -11.65330641981884, -2.596663735778985, 6.557550481485506, 6.091210688061593, 6.881415990072462], [11.110545653043477, 13.191455560797102, 13.64832979625, 12.26005160601449, 7.074965600452899, 7.224159937336956, 8.868501593550725, 7.331328568623189, 11.272728630833335, 10.204576635905799, 8.052736269855073, 9.944265640724637, 8.359660029365942, 7.87296325121377, -3.505750403677536, -12.185217907264494, -14.521484368804346, -13.331089111684783, -4.466033446992753, 9.897811145525361, 9.107490914728261, 9.471982181539854], [12.61427020195652, 14.115134255525364, 12.83275867981884, 13.004064999311597, 8.825487120833333, 7.9429775495833335, 8.306051865869565, 7.381199357844203, 10.204576635905799, 12.839147663152175, 10.415537779655796, 8.978155996159419, 9.67471725402174, 5.822753667427538, -5.550514742282608, -14.774692625108699, -20.764063122590585, -17.46067100282609, -4.021778147355072, 10.06371106737319, 8.771513193460144, 10.505198667427535], [9.98856568922101, 10.562425521449274, 9.07206834677536, 9.637839697445651, 6.072283273478259, 6.025777650996376, 7.090173079710144, 6.036728404003622, 8.052736269855073, 10.415537779655796, 11.45246520615942, 7.964605677844201, 7.2810193509963765, 5.709246056195652, -6.119386623152174, -15.367282250634055, -20.3967562769384, -16.319630395724637, -5.584633906956522, 9.42539553994565, 8.687298282663042, 9.334148236231883], [14.077974554800722, 15.607748255923912, 16.849186410108693, 11.497110876249996, 7.3406767456702875, 7.86311701713768, 11.40814858436594, 8.462923533460142, 9.944265640724637, 8.978155996159419, 7.964605677844201, 16.17892687684782, 10.423875044891304, 11.041618025380437, 1.2798935365942037, -9.864421814202897, -12.495810666322459, -11.819972636014493, -1.0138751270289843, 9.84856533369565, 11.489521972572463, 11.332132984782607], [9.650547558586958, 11.350874075471015, 11.455243343586954, 8.877900501014492, 9.58624771826087, 7.141624415978261, 6.995054262119567, 6.496179675235507, 8.359660029365942, 9.67471725402174, 7.2810193509963765, 10.423875044891304, 16.405689539166666, 13.730285225344204, 1.1657841740036228, -7.898459650869566, -13.00220833398551, -12.133198096557974, 3.374178403115941, 14.383536083731883, 14.96812148423913, 13.587880593786231], [10.177483984202901, 9.900339871105075, 11.583902149528985, 8.389717998278988, 6.893383166847827, 5.286139198423914, 7.75342013304348, 5.69327117759058, 7.87296325121377, 5.822753667427538, 5.709246056195652, 11.041618025380437, 13.730285225344204, 18.8922435209058, 5.60841033317029, -4.049018331268121, -7.959207386250004, -6.1230399062681204, 3.4994179768840565, 14.306264489728262, 14.562058785326087, 11.730775059710146], [-5.661380976032609, -5.111420248134057, -1.6682315028804326, -5.62186032682971, -1.294998772735507, -3.3527115309601445, -2.20262330673913, -2.8729335357789854, -3.505750403677536, -5.550514742282608, -6.119386623152174, 1.2798935365942037, 1.1657841740036228, 5.60841033317029, 23.214296445000002, 26.97553250963768, 32.27092197594203, 26.340202769057967, 17.460045827608695, -2.923240067735507, 0.5921400057246382, 1.8750537442572475], [-22.445077578260868, -17.593434654112322, -16.42484392637681, -21.536164119891307, -6.235164575652174, -11.024185127155796, -11.33902323188406, -9.458112008786232, -12.185217907264494, -14.774692625108699, -15.367282250634055, -9.864421814202897, -7.898459650869566, -4.049018331268121, 26.97553250963768, 55.143543623043485, 73.26368383634056, 56.15213456865942, 19.4962910503442, -15.72293853380435, -10.601224732952899, -9.086416366177534], [-36.1139413090942, -25.72240299123188, -25.547006884909415, -33.30795536652174, -11.079366114963769, -15.333721928134057, -14.857829925724635, -13.610740771449272, -14.521484368804346, -20.764063122590585, -20.3967562769384, -12.495810666322459, -13.00220833398551, -7.959207386250004, 32.27092197594203, 73.26368383634056, 106.9109988855797, 77.91938022396738, 20.322664777445645, -22.026435241630434, -13.81416009650362, -12.115350364039854], [-27.545173786449276, -22.36494651873188, -20.871173622210144, -25.538058238333335, -10.073240385253623, -13.781216777789856, -12.92856693365942, -11.65330641981884, -13.331089111684783, -17.46067100282609, -16.319630395724637, -11.819972636014493, -12.133198096557974, -6.1230399062681204, 26.340202769057967, 56.15213456865942, 77.91938022396738, 61.15203388496376, 18.80266460769927, -17.6729434021558, -12.71095609724638, -11.353616165235504], [-7.19642235307971, -8.259996617572462, -4.511606267971013, -6.619535691231883, 0.5190664941123196, -3.789911548840579, -3.3700609301811584, -2.596663735778985, -4.466033446992753, -4.021778147355072, -5.584633906956522, -1.0138751270289843, 3.374178403115941, 3.4994179768840565, 17.460045827608695, 19.4962910503442, 20.322664777445645, 18.80266460769927, 25.4301405207971, 1.260509138949276, 2.220623589909421, 4.318265270344203], [10.569228245507247, 9.629307977499996, 10.967497348333328, 10.811317976648548, 8.821406204528984, 6.975820534782607, 8.373862720380433, 6.557550481485506, 9.897811145525361, 10.06371106737319, 9.42539553994565, 9.84856533369565, 14.383536083731883, 14.306264489728262, -2.923240067735507, -15.72293853380435, -22.026435241630434, -17.6729434021558, 1.260509138949276, 19.162730198623187, 16.516977611702895, 14.720556487300724], [7.100793818586957, 8.277599959076088, 9.861401899492753, 8.39274480146739, 7.43154749990942, 6.350926775815218, 8.68355164634058, 6.091210688061593, 9.107490914728261, 8.771513193460144, 8.687298282663042, 11.489521972572463, 14.96812148423913, 14.562058785326087, 0.5921400057246382, -10.601224732952899, -13.81416009650362, -12.71095609724638, 2.220623589909421, 16.516977611702895, 19.038732616594203, 16.402006768043478], [8.521949785996375, 10.620977214637676, 10.146253081503623, 9.722717742626811, 8.135679374347824, 6.88566994213768, 8.538384929474635, 6.881415990072462, 9.471982181539854, 10.505198667427535, 9.334148236231883, 11.332132984782607, 13.587880593786231, 11.730775059710146, 1.8750537442572475, -9.086416366177534, -12.115350364039854, -11.353616165235504, 4.318265270344203, 14.720556487300724, 16.402006768043478, 18.812220171775362]], "2": [[27.26593906043478, 24.13734095900362, 23.7830967553442, 21.885029251865944, 10.008902327210144, 11.655863509021737, 12.844541397336954, 11.436878203858695, 11.110545653043477, 12.61427020195652, 9.98856568922101, 14.077974554800722, 9.650547558586958, 10.177483984202901, -5.661380976032609, -22.445077578260868, -36.1139413090942, -27.545173786449276, -7.19642235307971, 10.569228245507247, 7.100793818586957, 8.521949785996375], [24.13734095900362, 26.97688325076087, 24.194906556721005, 20.182053058677536, 10.536859857246377, 12.786390382137679, 13.664015579094203, 12.793148464746377, 13.191455560797102, 14.115134255525364, 10.562425521449274, 15.607748255923912, 11.350874075471015, 9.900339871105075, -5.111420248134057, -17.593434654112322, -25.72240299123188, -22.36494651873188, -8.259996617572462, 9.629307977499996, 8.277599959076088, 10.620977214637676], [23.7830967553442, 24.194906556721005, 26.306683381884056, 21.303289026141304, 10.48142326625, 11.739717855543477, 13.925404946304344, 12.674154347826084, 13.64832979625, 12.83275867981884, 9.07206834677536, 16.849186410108693, 11.455243343586954, 11.583902149528985, -1.6682315028804326, -16.42484392637681, -25.547006884909415, -20.871173622210144, -4.511606267971013, 10.967497348333328, 9.861401899492753, 10.146253081503623], [21.885029251865944, 20.182053058677536, 21.303289026141304, 21.83558216728261, 9.030759836431157, 10.603883000380433, 12.019301094565218, 10.203726028097824, 12.26005160601449, 13.004064999311597, 9.637839697445651, 11.497110876249996, 8.877900501014492, 8.389717998278988, -5.62186032682971, -21.536164119891307, -33.30795536652174, -25.538058238333335, -6.619535691231883, 10.811317976648548, 8.39274480146739, 9.722717742626811], [10.008902327210144, 10.536859857246377, 10.48142326625, 9.030759836431157, 8.683486133985507, 5.758293907916666, 5.694895913460144, 5.826823122391303, 7.074965600452899, 8.825487120833333, 6.072283273478259, 7.3406767456702875, 9.58624771826087, 6.893383166847827, -1.294998772735507, -6.235164575652174, -11.079366114963769, -10.073240385253623, 0.5190664941123196, 8.821406204528984, 7.43154749990942, 8.135679374347824], [11.655863509021737, 12.786390382137679, 11.739717855543477, 10.603883000380433, 5.758293907916666, 7.244542165144927, 7.769180790525363, 6.361923093206521, 7.224159937336956, 7.9429775495833335, 6.025777650996376, 7.86311701713768, 7.141624415978261, 5.286139198423914, -3.3527115309601445, -11.024185127155796, -15.333721928134057, -13.781216777789856, -3.789911548840579, 6.975820534782607, 6.350926775815218, 6.88566994213768], [12.844541397336954, 13.664015579094203, 13.925404946304344, 12.019301094565218, 5.694895913460144, 7.769180790525363, 11.703930833514491, 7.263802387047099, 8.868501593550725, 8.306051865869565, 7.090173079710144, 11.40814858436594, 6.995054262119567, 7.75342013304348, -2.20262330673913, -11.33902323188406, -14.857829925724635, -12.92856693365942, -3.3700609301811584, 8.373862720380433, 8.68355164634058, 8.538384929474635], [11.436878203858695, 12.793148464746377, 12.674154347826084, 10.203726028097824, 5.826823122391303, 6.361923093206521, 7.263802387047099, 7.51067211865942, 7.331328568623189, 7.381199357844203, 6.036728404003622, 8.462923533460142, 6.496179675235507, 5.69327117759058, -2.8729335357789854, -9.458112008786232, -13.610740771449272, -11.65330641981884, -2.596663735778985, 6.557550481485506, 6.091210688061593, 6.881415990072462], [11.110545653043477, 13.191455560797102, 13.64832979625, 12.26005160601449, 7.074965600452899, 7.224159937336956, 8.868501593550725, 7.331328568623189, 11.272728630833335, 10.204576635905799, 8.052736269855073, 9.944265640724637, 8.359660029365942, 7.87296325121377, -3.505750403677536, -12.185217907264494, -14.521484368804346, -13.331089111684783, -4.466033446992753, 9.897811145525361, 9.107490914728261, 9.471982181539854], [12.61427020195652, 14.115134255525364, 12.83275867981884, 13.004064999311597, 8.825487120833333, 7.9429775495833335, 8.306051865869565, 7.381199357844203, 10.204576635905799, 12.839147663152175, 10.415537779655796, 8.978155996159419, 9.67471725402174, 5.822753667427538, -5.550514742282608, -14.774692625108699, -20.764063122590585, -17.46067100282609, -4.021778147355072, 10.06371106737319, 8.771513193460144, 10.505198667427535], [9.98856568922101, 10.562425521449274, 9.07206834677536, 9.637839697445651, 6.072283273478259, 6.025777650996376, 7.090173079710144, 6.036728404003622, 8.052736269855073, 10.415537779655796, 11.45246520615942, 7.964605677844201, 7.2810193509963765, 5.709246056195652, -6.119386623152174, -15.367282250634055, -20.3967562769384, -16.319630395724637, -5.584633906956522, 9.42539553994565, 8.687298282663042, 9.334148236231883], [14.077974554800722, 15.607748255923912, 16.849186410108693, 11.497110876249996, 7.3406767456702875, 7.86311701713768, 11.40814858436594, 8.462923533460142, 9.944265640724637, 8.978155996159419, 7.964605677844201, 16.17892687684782, 10.423875044891304, 11.041618025380437, 1.2798935365942037, -9.864421814202897, -12.495810666322459, -11.819972636014493, -1.0138751270289843, 9.84856533369565, 11.489521972572463, 11.332132984782607], [9.650547558586958, 11.350874075471015, 11.455243343586954, 8.877900501014492, 9.58624771826087, 7.141624415978261, 6.995054262119567, 6.496179675235507, 8.359660029365942, 9.67471725402174, 7.2810193509963765, 10.423875044891304, 16.405689539166666, 13.730285225344204, 1.1657841740036228, -7.898459650869566, -13.00220833398551, -12.133198096557974, 3.374178403115941, 14.383536083731883, 14.96812148423913, 13.587880593786231], [10.177483984202901, 9.900339871105075, 11.583902149528985, 8.389717998278988, 6.893383166847827, 5.286139198423914, 7.75342013304348, 5.69327117759058, 7.87296325121377, 5.822753667427538, 5.709246056195652, 11.041618025380437, 13.730285225344204, 18.8922435209058, 5.60841033317029, -4.049018331268121, -7.959207386250004, -6.1230399062681204, 3.4994179768840565, 14.306264489728262, 14.562058785326087, 11.730775059710146], [-5.661380976032609, -5.111420248134057, -1.6682315028804326, -5.62186032682971, -1.294998772735507, -3.3527115309601445, -2.20262330673913, -2.8729335357789854, -3.505750403677536, -5.550514742282608, -6.119386623152174, 1.2798935365942037, 1.1657841740036228, 5.60841033317029, 23.214296445000002, 26.97553250963768, 32.27092197594203, 26.340202769057967, 17.460045827608695, -2.923240067735507, 0.5921400057246382, 1.8750537442572475], [-22.445077578260868, -17.593434654112322, -16.42484392637681, -21.536164119891307, -6.235164575652174, -11.024185127155796, -11.33902323188406, -9.458112008786232, -12.185217907264494, -14.774692625108699, -15.367282250634055, -9.864421814202897, -7.898459650869566, -4.049018331268121, 26.97553250963768, 55.143543623043485, 73.26368383634056, 56.15213456865942, 19.4962910503442, -15.72293853380435, -10.601224732952899, -9.086416366177534], [-36.1139413090942, -25.72240299123188, -25.547006884909415, -33.30795536652174, -11.079366114963769, -15.333721928134057, -14.857829925724635, -13.610740771449272, -14.521484368804346, -20.764063122590585, -20.3967562769384, -12.495810666322459, -13.00220833398551, -7.959207386250004, 32.27092197594203, 73.26368383634056, 106.9109988855797, 77.91938022396738, 20.322664777445645, -22.026435241630434, -13.81416009650362, -12.115350364039854], [-27.545173786449276, -22.36494651873188, -20.871173622210144, -25.538058238333335, -10.073240385253623, -13.781216777789856, -12.92856693365942, -11.65330641981884, -13.331089111684783, -17.46067100282609, -16.319630395724637, -11.819972636014493, -12.133198096557974, -6.1230399062681204, 26.340202769057967, 56.15213456865942, 77.91938022396738, 61.15203388496376, 18.80266460769927, -17.6729434021558, -12.71095609724638, -11.353616165235504], [-7.19642235307971, -8.259996617572462, -4.511606267971013, -6.619535691231883, 0.5190664941123196, -3.789911548840579, -3.3700609301811584, -2.596663735778985, -4.466033446992753, -4.021778147355072, -5.584633906956522, -1.0138751270289843, 3.374178403115941, 3.4994179768840565, 17.460045827608695, 19.4962910503442, 20.322664777445645, 18.80266460769927, 25.4301405207971, 1.260509138949276, 2.220623589909421, 4.318265270344203], [10.569228245507247, 9.629307977499996, 10.967497348333328, 10.811317976648548, 8.821406204528984, 6.975820534782607, 8.373862720380433, 6.557550481485506, 9.897811145525361, 10.06371106737319, 9.42539553994565, 9.84856533369565, 14.383536083731883, 14.306264489728262, -2.923240067735507, -15.72293853380435, -22.026435241630434, -17.6729434021558, 1.260509138949276, 19.162730198623187, 16.516977611702895, 14.720556487300724], [7.100793818586957, 8.277599959076088, 9.861401899492753, 8.39274480146739, 7.43154749990942, 6.350926775815218, 8.68355164634058, 6.091210688061593, 9.107490914728261, 8.771513193460144, 8.687298282663042, 11.489521972572463, 14.96812148423913, 14.562058785326087, 0.5921400057246382, -10.601224732952899, -13.81416009650362, -12.71095609724638, 2.220623589909421, 16.516977611702895, 19.038732616594203, 16.402006768043478], [8.521949785996375, 10.620977214637676, 10.146253081503623, 9.722717742626811, 8.135679374347824, 6.88566994213768, 8.538384929474635, 6.881415990072462, 9.471982181539854, 10.505198667427535, 9.334148236231883, 11.332132984782607, 13.587880593786231, 11.730775059710146, 1.8750537442572475, -9.086416366177534, -12.115350364039854, -11.353616165235504, 4.318265270344203, 14.720556487300724, 16.402006768043478, 18.812220171775362]], "3": [[27.26593906043478, 24.13734095900362, 23.7830967553442, 21.885029251865944, 10.008902327210144, 11.655863509021737, 12.844541397336954, 11.436878203858695, 11.110545653043477, 12.61427020195652, 9.98856568922101, 14.077974554800722, 9.650547558586958, 10.177483984202901, -5.661380976032609, -22.445077578260868, -36.1139413090942, -27.545173786449276, -7.19642235307971, 10.569228245507247, 7.100793818586957, 8.521949785996375], [24.13734095900362, 26.97688325076087, 24.194906556721005, 20.182053058677536, 10.536859857246377, 12.786390382137679, 13.664015579094203, 12.793148464746377, 13.191455560797102, 14.115134255525364, 10.562425521449274, 15.607748255923912, 11.350874075471015, 9.900339871105075, -5.111420248134057, -17.593434654112322, -25.72240299123188, -22.36494651873188, -8.259996617572462, 9.629307977499996, 8.277599959076088, 10.620977214637676], [23.7830967553442, 24.194906556721005, 26.306683381884056, 21.303289026141304, 10.48142326625, 11.739717855543477, 13.925404946304344, 12.674154347826084, 13.64832979625, 12.83275867981884, 9.07206834677536, 16.849186410108693, 11.455243343586954, 11.583902149528985, -1.6682315028804326, -16.42484392637681, -25.547006884909415, -20.871173622210144, -4.511606267971013, 10.967497348333328, 9.861401899492753, 10.146253081503623], [21.885029251865944, 20.182053058677536, 21.303289026141304, 21.83558216728261, 9.030759836431157, 10.603883000380433, 12.019301094565218, 10.203726028097824, 12.26005160601449, 13.004064999311597, 9.637839697445651, 11.497110876249996, 8.877900501014492, 8.389717998278988, -5.62186032682971, -21.536164119891307, -33.30795536652174, -25.538058238333335, -6.619535691231883, 10.811317976648548, 8.39274480146739, 9.722717742626811], [10.008902327210144, 10.536859857246377, 10.48142326625, 9.030759836431157, 8.683486133985507, 5.758293907916666, 5.694895913460144, 5.826823122391303, 7.074965600452899, 8.825487120833333, 6.072283273478259, 7.3406767456702875, 9.58624771826087, 6.893383166847827, -1.294998772735507, -6.235164575652174, -11.079366114963769, -10.073240385253623, 0.5190664941123196, 8.821406204528984, 7.43154749990942, 8.135679374347824], [11.655863509021737, 12.786390382137679, 11.739717855543477, 10.603883000380433, 5.758293907916666, 7.244542165144927, 7.769180790525363, 6.361923093206521, 7.224159937336956, 7.9429775495833335, 6.025777650996376, 7.86311701713768, 7.141624415978261, 5.286139198423914, -3.3527115309601445, -11.024185127155796, -15.333721928134057, -13.781216777789856, -3.789911548840579, 6.975820534782607, 6.350926775815218, 6.88566994213768], [12.844541397336954, 13.664015579094203, 13.925404946304344, 12.019301094565218, 5.694895913460144, 7.769180790525363, 11.703930833514491, 7.263802387047099, 8.868501593550725, 8.306051865869565, 7.090173079710144, 11.40814858436594, 6.995054262119567, 7.75342013304348, -2.20262330673913, -11.33902323188406, -14.857829925724635, -12.92856693365942, -3.3700609301811584, 8.373862720380433, 8.68355164634058, 8.538384929474635], [11.436878203858695, 12.793148464746377, 12.674154347826084, 10.203726028097824, 5.826823122391303, 6.361923093206521, 7.263802387047099, 7.51067211865942, 7.331328568623189, 7.381199357844203, 6.036728404003622, 8.462923533460142, 6.496179675235507, 5.69327117759058, -2.8729335357789854, -9.458112008786232, -13.610740771449272, -11.65330641981884, -2.596663735778985, 6.557550481485506, 6.091210688061593, 6.881415990072462], [11.110545653043477, 13.191455560797102, 13.64832979625, 12.26005160601449, 7.074965600452899, 7.224159937336956, 8.868501593550725, 7.331328568623189, 11.272728630833335, 10.204576635905799, 8.052736269855073, 9.944265640724637, 8.359660029365942, 7.87296325121377, -3.505750403677536, -12.185217907264494, -14.521484368804346, -13.331089111684783, -4.466033446992753, 9.897811145525361, 9.107490914728261, 9.471982181539854], [12.61427020195652, 14.115134255525364, 12.83275867981884, 13.004064999311597, 8.825487120833333, 7.9429775495833335, 8.306051865869565, 7.381199357844203, 10.204576635905799, 12.839147663152175, 10.415537779655796, 8.978155996159419, 9.67471725402174, 5.822753667427538, -5.550514742282608, -14.774692625108699, -20.764063122590585, -17.46067100282609, -4.021778147355072, 10.06371106737319, 8.771513193460144, 10.505198667427535], [9.98856568922101, 10.562425521449274, 9.07206834677536, 9.637839697445651, 6.072283273478259, 6.025777650996376, 7.090173079710144, 6.036728404003622, 8.052736269855073, 10.415537779655796, 11.45246520615942, 7.964605677844201, 7.2810193509963765, 5.709246056195652, -6.119386623152174, -15.367282250634055, -20.3967562769384, -16.319630395724637, -5.584633906956522, 9.42539553994565, 8.687298282663042, 9.334148236231883], [14.077974554800722, 15.607748255923912, 16.849186410108693, 11.497110876249996, 7.3406767456702875, 7.86311701713768, 11.40814858436594, 8.462923533460142, 9.944265640724637, 8.978155996159419, 7.964605677844201, 16.17892687684782, 10.423875044891304, 11.041618025380437, 1.2798935365942037, -9.864421814202897, -12.495810666322459, -11.819972636014493, -1.0138751270289843, 9.84856533369565, 11.489521972572463, 11.332132984782607], [9.650547558586958, 11.350874075471015, 11.455243343586954, 8.877900501014492, 9.58624771826087, 7.141624415978261, 6.995054262119567, 6.496179675235507, 8.359660029365942, 9.67471725402174, 7.2810193509963765, 10.423875044891304, 16.405689539166666, 13.730285225344204, 1.1657841740036228, -7.898459650869566, -13.00220833398551, -12.133198096557974, 3.374178403115941, 14.383536083731883, 14.96812148423913, 13.587880593786231], [10.177483984202901, 9.900339871105075, 11.583902149528985, 8.389717998278988, 6.893383166847827, 5.286139198423914, 7.75342013304348, 5.69327117759058, 7.87296325121377, 5.822753667427538, 5.709246056195652, 11.041618025380437, 13.730285225344204, 18.8922435209058, 5.60841033317029, -4.049018331268121, -7.959207386250004, -6.1230399062681204, 3.4994179768840565, 14.306264489728262, 14.562058785326087, 11.730775059710146], [-5.661380976032609, -5.111420248134057, -1.6682315028804326, -5.62186032682971, -1.294998772735507, -3.3527115309601445, -2.20262330673913, -2.8729335357789854, -3.505750403677536, -5.550514742282608, -6.119386623152174, 1.2798935365942037, 1.1657841740036228, 5.60841033317029, 23.214296445000002, 26.97553250963768, 32.27092197594203, 26.340202769057967, 17.460045827608695, -2.923240067735507, 0.5921400057246382, 1.8750537442572475], [-22.445077578260868, -17.593434654112322, -16.42484392637681, -21.536164119891307, -6.235164575652174, -11.024185127155796, -11.33902323188406, -9.458112008786232, -12.185217907264494, -14.774692625108699, -15.367282250634055, -9.864421814202897, -7.898459650869566, -4.049018331268121, 26.97553250963768, 55.143543623043485, 73.26368383634056, 56.15213456865942, 19.4962910503442, -15.72293853380435, -10.601224732952899, -9.086416366177534], [-36.1139413090942, -25.72240299123188, -25.547006884909415, -33.30795536652174, -11.079366114963769, -15.333721928134057, -14.857829925724635, -13.610740771449272, -14.521484368804346, -20.764063122590585, -20.3967562769384, -12.495810666322459, -13.00220833398551, -7.959207386250004, 32.27092197594203, 73.26368383634056, 106.9109988855797, 77.91938022396738, 20.322664777445645, -22.026435241630434, -13.81416009650362, -12.115350364039854], [-27.545173786449276, -22.36494651873188, -20.871173622210144, -25.538058238333335, -10.073240385253623, -13.781216777789856, -12.92856693365942, -11.65330641981884, -13.331089111684783, -17.46067100282609, -16.319630395724637, -11.819972636014493, -12.133198096557974, -6.1230399062681204, 26.340202769057967, 56.15213456865942, 77.91938022396738, 61.15203388496376, 18.80266460769927, -17.6729434021558, -12.71095609724638, -11.353616165235504], [-7.19642235307971, -8.259996617572462, -4.511606267971013, -6.619535691231883, 0.5190664941123196, -3.789911548840579, -3.3700609301811584, -2.596663735778985, -4.466033446992753, -4.021778147355072, -5.584633906956522, -1.0138751270289843, 3.374178403115941, 3.4994179768840565, 17.460045827608695, 19.4962910503442, 20.322664777445645, 18.80266460769927, 25.4301405207971, 1.260509138949276, 2.220623589909421, 4.318265270344203], [10.569228245507247, 9.629307977499996, 10.967497348333328, 10.811317976648548, 8.821406204528984, 6.975820534782607, 8.373862720380433, 6.557550481485506, 9.897811145525361, 10.06371106737319, 9.42539553994565, 9.84856533369565, 14.383536083731883, 14.306264489728262, -2.923240067735507, -15.72293853380435, -22.026435241630434, -17.6729434021558, 1.260509138949276, 19.162730198623187, 16.516977611702895, 14.720556487300724], [7.100793818586957, 8.277599959076088, 9.861401899492753, 8.39274480146739, 7.43154749990942, 6.350926775815218, 8.68355164634058, 6.091210688061593, 9.107490914728261, 8.771513193460144, 8.687298282663042, 11.489521972572463, 14.96812148423913, 14.562058785326087, 0.5921400057246382, -10.601224732952899, -13.81416009650362, -12.71095609724638, 2.220623589909421, 16.516977611702895, 19.038732616594203, 16.402006768043478], [8.521949785996375, 10.620977214637676, 10.146253081503623, 9.722717742626811, 8.135679374347824, 6.88566994213768, 8.538384929474635, 6.881415990072462, 9.471982181539854, 10.505198667427535, 9.334148236231883, 11.332132984782607, 13.587880593786231, 11.730775059710146, 1.8750537442572475, -9.086416366177534, -12.115350364039854, -11.353616165235504, 4.318265270344203, 14.720556487300724, 16.402006768043478, 18.812220171775362]]}